91
1 0 0
0 0 1
1 1.60985e+007 0
2 0 0
0 0 1
1 1.3403e+007 0
3 0 0
0 0 1
1 1.05918e+007 0
4 0 0
0 0 1
1 8.31373e+006 0
5 0 0
0 0 1
1 6.70339e+006 0
6 0 0
0 0 1
1 5.55239e+006 0
7 0 0
0 0 1
1 4.72586e+006 0
8 0 0
0 0 1
1 4.07602e+006 0
9 0 0
0 0 1
1 3.45362e+006 0
10 0 0
0 0 1
1 2.87916e+006 0
11 0 0
0 0 1
1 2.40123e+006 0
12 0 0
0 0 1
1 2.04625e+006 0
13 0 0
0 0 1
1 1.7856e+006 0
14 0 0
0 0 1
1 1.51016e+006 0
15 0 0
0 0 1
1 1.20472e+006 0
16 0 0
0 0 1
1 924019 0
17 0 0
0 0 1
1 704802 0
18 0 0
0 0 1
1 576165 0
19 0 0
0 0 1
1 497905 0
20 0 0
0 0 1
1 402330 0
21 0 0
0 0 1
1 260017 0
22 0 0
0 0 1
1 119013 0
23 0 0
0 0 1
1 71695 0
24 0 0
0 0 1
1 68474 0
25 0 0
0 0 1
1 29817 0
26 0 0
0 0 1
1 1641 0
27 0 0
0 0 1
1 -9379 0
28 0 0
0 0 1
1 -6771 0
29 0 0
0 0 1
1 35829 0
30 0 0
0 0 1
1 89940 0
-1 0 0
