91
1 0 0
0 0 1
1 1.04849e+007 0
2 0 0
0 0 1
1 8.94255e+006 0
3 0 0
0 0 1
1 7.58469e+006 0
4 0 0
0 0 1
1 6.38682e+006 0
5 0 0
0 0 1
1 5.35948e+006 0
6 0 0
0 0 1
1 4.48381e+006 0
7 0 0
0 0 1
1 3.74551e+006 0
8 0 0
0 0 1
1 3.14552e+006 0
9 0 0
0 0 1
1 2.66297e+006 0
10 0 0
0 0 1
1 2.30226e+006 0
11 0 0
0 0 1
1 2.00861e+006 0
12 0 0
0 0 1
1 1.67604e+006 0
13 0 0
0 0 1
1 1.36207e+006 0
14 0 0
0 0 1
1 1.14871e+006 0
15 0 0
0 0 1
1 940076 0
16 0 0
0 0 1
1 709065 0
17 0 0
0 0 1
1 529887 0
18 0 0
0 0 1
1 364539 0
19 0 0
0 0 1
1 193979 0
20 0 0
0 0 1
1 64237 0
21 0 0
0 0 1
1 -5619 0
22 0 0
0 0 1
1 17687 0
23 0 0
0 0 1
1 44327 0
24 0 0
0 0 1
1 -27361 0
25 0 0
0 0 1
1 -59560 0
26 0 0
0 0 1
1 -30332 0
27 0 0
0 0 1
1 -79328 0
28 0 0
0 0 1
1 -122524 0
29 0 0
0 0 1
1 -83245 0
30 0 0
0 0 1
1 -35173 0
-1 0 0
