91
1 0 0
0 0 1
1 1.12817e+007 0
2 0 0
0 0 1
1 9.57254e+006 0
3 0 0
0 0 1
1 7.93454e+006 0
4 0 0
0 0 1
1 6.51993e+006 0
5 0 0
0 0 1
1 5.39355e+006 0
6 0 0
0 0 1
1 4.52267e+006 0
7 0 0
0 0 1
1 3.79964e+006 0
8 0 0
0 0 1
1 3.20452e+006 0
9 0 0
0 0 1
1 2.72781e+006 0
10 0 0
0 0 1
1 2.29968e+006 0
11 0 0
0 0 1
1 1.90737e+006 0
12 0 0
0 0 1
1 1.5668e+006 0
13 0 0
0 0 1
1 1.28313e+006 0
14 0 0
0 0 1
1 1.07277e+006 0
15 0 0
0 0 1
1 899105 0
16 0 0
0 0 1
1 739722 0
17 0 0
0 0 1
1 630160 0
18 0 0
0 0 1
1 521542 0
19 0 0
0 0 1
1 355957 0
20 0 0
0 0 1
1 200370 0
21 0 0
0 0 1
1 105026 0
22 0 0
0 0 1
1 54877 0
23 0 0
0 0 1
1 45687 0
24 0 0
0 0 1
1 28040 0
25 0 0
0 0 1
1 -34885 0
26 0 0
0 0 1
1 -63895 0
27 0 0
0 0 1
1 -24924 0
28 0 0
0 0 1
1 2060 0
29 0 0
0 0 1
1 -7591 0
30 0 0
0 0 1
1 -17557 0
-1 0 0
