91
1 0 0
0 0 1
1 1.86651e+007 0
2 0 0
0 0 1
1 1.552e+007 0
3 0 0
0 0 1
1 1.24103e+007 0
4 0 0
0 0 1
1 9.7378e+006 0
5 0 0
0 0 1
1 7.57025e+006 0
6 0 0
0 0 1
1 5.90157e+006 0
7 0 0
0 0 1
1 4.7112e+006 0
8 0 0
0 0 1
1 3.82604e+006 0
9 0 0
0 0 1
1 3.09606e+006 0
10 0 0
0 0 1
1 2.53479e+006 0
11 0 0
0 0 1
1 2.11137e+006 0
12 0 0
0 0 1
1 1.75991e+006 0
13 0 0
0 0 1
1 1.49162e+006 0
14 0 0
0 0 1
1 1.25687e+006 0
15 0 0
0 0 1
1 1.00547e+006 0
16 0 0
0 0 1
1 794349 0
17 0 0
0 0 1
1 616259 0
18 0 0
0 0 1
1 443868 0
19 0 0
0 0 1
1 333813 0
20 0 0
0 0 1
1 260445 0
21 0 0
0 0 1
1 163364 0
22 0 0
0 0 1
1 81409 0
23 0 0
0 0 1
1 39107 0
24 0 0
0 0 1
1 24104 0
25 0 0
0 0 1
1 19455 0
26 0 0
0 0 1
1 -21742 0
27 0 0
0 0 1
1 -90698 0
28 0 0
0 0 1
1 -135915 0
29 0 0
0 0 1
1 -168427 0
30 0 0
0 0 1
1 -196412 0
-1 0 0
