91
1 0 0
0 0 1
1 6.67889e+006 0
2 0 0
0 0 1
1 5.82668e+006 0
3 0 0
0 0 1
1 4.84967e+006 0
4 0 0
0 0 1
1 3.96773e+006 0
5 0 0
0 0 1
1 3.28862e+006 0
6 0 0
0 0 1
1 2.72165e+006 0
7 0 0
0 0 1
1 2.27598e+006 0
8 0 0
0 0 1
1 1.94375e+006 0
9 0 0
0 0 1
1 1.64756e+006 0
10 0 0
0 0 1
1 1.41953e+006 0
11 0 0
0 0 1
1 1.2016e+006 0
12 0 0
0 0 1
1 952173 0
13 0 0
0 0 1
1 816547 0
14 0 0
0 0 1
1 751381 0
15 0 0
0 0 1
1 597807 0
16 0 0
0 0 1
1 390039 0
17 0 0
0 0 1
1 201458 0
18 0 0
0 0 1
1 83493 0
19 0 0
0 0 1
1 45034 0
20 0 0
0 0 1
1 -8741 0
21 0 0
0 0 1
1 -122848 0
22 0 0
0 0 1
1 -234554 0
23 0 0
0 0 1
1 -277821 0
24 0 0
0 0 1
1 -276578 0
25 0 0
0 0 1
1 -282454 0
26 0 0
0 0 1
1 -257649 0
27 0 0
0 0 1
1 -197304 0
28 0 0
0 0 1
1 -144377 0
29 0 0
0 0 1
1 -81321 0
30 0 0
0 0 1
1 -17874 0
-1 0 0
