91
1 0 0
0 0 1
1 6.09849e+006 0
2 0 0
0 0 1
1 5.18881e+006 0
3 0 0
0 0 1
1 4.20076e+006 0
4 0 0
0 0 1
1 3.30977e+006 0
5 0 0
0 0 1
1 2.68307e+006 0
6 0 0
0 0 1
1 2.15808e+006 0
7 0 0
0 0 1
1 1.67749e+006 0
8 0 0
0 0 1
1 1.3744e+006 0
9 0 0
0 0 1
1 1.11955e+006 0
10 0 0
0 0 1
1 811015 0
11 0 0
0 0 1
1 579073 0
12 0 0
0 0 1
1 423313 0
13 0 0
0 0 1
1 302631 0
14 0 0
0 0 1
1 222093 0
15 0 0
0 0 1
1 123273 0
16 0 0
0 0 1
1 54744 0
17 0 0
0 0 1
1 74313 0
18 0 0
0 0 1
1 77111 0
19 0 0
0 0 1
1 -4566 0
20 0 0
0 0 1
1 -127149 0
21 0 0
0 0 1
1 -230606 0
22 0 0
0 0 1
1 -299312 0
23 0 0
0 0 1
1 -363302 0
24 0 0
0 0 1
1 -423711 0
25 0 0
0 0 1
1 -456266 0
26 0 0
0 0 1
1 -437586 0
27 0 0
0 0 1
1 -386546 0
28 0 0
0 0 1
1 -369654 0
29 0 0
0 0 1
1 -362372 0
30 0 0
0 0 1
1 -329398 0
-1 0 0
