91
1 0 0
0 0 1
1 2.87649e+007 0
2 0 0
0 0 1
1 2.25919e+007 0
3 0 0
0 0 1
1 1.73071e+007 0
4 0 0
0 0 1
1 1.33513e+007 0
5 0 0
0 0 1
1 1.04952e+007 0
6 0 0
0 0 1
1 8.4334e+006 0
7 0 0
0 0 1
1 6.94627e+006 0
8 0 0
0 0 1
1 5.81434e+006 0
9 0 0
0 0 1
1 4.84981e+006 0
10 0 0
0 0 1
1 4.0419e+006 0
11 0 0
0 0 1
1 3.40984e+006 0
12 0 0
0 0 1
1 2.92756e+006 0
13 0 0
0 0 1
1 2.54492e+006 0
14 0 0
0 0 1
1 2.15982e+006 0
15 0 0
0 0 1
1 1.7791e+006 0
16 0 0
0 0 1
1 1.46998e+006 0
17 0 0
0 0 1
1 1.20558e+006 0
18 0 0
0 0 1
1 977278 0
19 0 0
0 0 1
1 795410 0
20 0 0
0 0 1
1 678479 0
21 0 0
0 0 1
1 638976 0
22 0 0
0 0 1
1 578798 0
23 0 0
0 0 1
1 487558 0
24 0 0
0 0 1
1 474171 0
25 0 0
0 0 1
1 514529 0
26 0 0
0 0 1
1 557824 0
27 0 0
0 0 1
1 630850 0
28 0 0
0 0 1
1 752802 0
29 0 0
0 0 1
1 892795 0
30 0 0
0 0 1
1 940295 0
-1 0 0
