91
1 0 0
0 0 1
1 8.69257e+006 0
2 0 0
0 0 1
1 6.86033e+006 0
3 0 0
0 0 1
1 5.24657e+006 0
4 0 0
0 0 1
1 4.03091e+006 0
5 0 0
0 0 1
1 3.14571e+006 0
6 0 0
0 0 1
1 2.48772e+006 0
7 0 0
0 0 1
1 2.01915e+006 0
8 0 0
0 0 1
1 1.69719e+006 0
9 0 0
0 0 1
1 1.46123e+006 0
10 0 0
0 0 1
1 1.28355e+006 0
11 0 0
0 0 1
1 1.13222e+006 0
12 0 0
0 0 1
1 1.01512e+006 0
13 0 0
0 0 1
1 924340 0
14 0 0
0 0 1
1 811878 0
15 0 0
0 0 1
1 721279 0
16 0 0
0 0 1
1 651574 0
17 0 0
0 0 1
1 543326 0
18 0 0
0 0 1
1 455853 0
19 0 0
0 0 1
1 408118 0
20 0 0
0 0 1
1 371809 0
21 0 0
0 0 1
1 374513 0
22 0 0
0 0 1
1 359689 0
23 0 0
0 0 1
1 302996 0
24 0 0
0 0 1
1 268086 0
25 0 0
0 0 1
1 233365 0
26 0 0
0 0 1
1 218416 0
27 0 0
0 0 1
1 266542 0
28 0 0
0 0 1
1 280174 0
29 0 0
0 0 1
1 228118 0
30 0 0
0 0 1
1 208871 0
-1 0 0
