91
1 0 0
0 0 1
1 3.22391e+007 0
2 0 0
0 0 1
1 2.75532e+007 0
3 0 0
0 0 1
1 2.27047e+007 0
4 0 0
0 0 1
1 1.83093e+007 0
5 0 0
0 0 1
1 1.46411e+007 0
6 0 0
0 0 1
1 1.17697e+007 0
7 0 0
0 0 1
1 9.49404e+006 0
8 0 0
0 0 1
1 7.67298e+006 0
9 0 0
0 0 1
1 6.26104e+006 0
10 0 0
0 0 1
1 5.10266e+006 0
11 0 0
0 0 1
1 4.15701e+006 0
12 0 0
0 0 1
1 3.44722e+006 0
13 0 0
0 0 1
1 2.90853e+006 0
14 0 0
0 0 1
1 2.51583e+006 0
15 0 0
0 0 1
1 2.19412e+006 0
16 0 0
0 0 1
1 1.86546e+006 0
17 0 0
0 0 1
1 1.56194e+006 0
18 0 0
0 0 1
1 1.26625e+006 0
19 0 0
0 0 1
1 990231 0
20 0 0
0 0 1
1 797677 0
21 0 0
0 0 1
1 630265 0
22 0 0
0 0 1
1 457974 0
23 0 0
0 0 1
1 325083 0
24 0 0
0 0 1
1 207197 0
25 0 0
0 0 1
1 112699 0
26 0 0
0 0 1
1 99065 0
27 0 0
0 0 1
1 149189 0
28 0 0
0 0 1
1 199563 0
29 0 0
0 0 1
1 208908 0
30 0 0
0 0 1
1 186910 0
-1 0 0
