91
1 0 0
0 0 1
1 1.78984e+007 0
2 0 0
0 0 1
1 1.51448e+007 0
3 0 0
0 0 1
1 1.25309e+007 0
4 0 0
0 0 1
1 1.01432e+007 0
5 0 0
0 0 1
1 8.09665e+006 0
6 0 0
0 0 1
1 6.4487e+006 0
7 0 0
0 0 1
1 5.20214e+006 0
8 0 0
0 0 1
1 4.2994e+006 0
9 0 0
0 0 1
1 3.55384e+006 0
10 0 0
0 0 1
1 2.92283e+006 0
11 0 0
0 0 1
1 2.43767e+006 0
12 0 0
0 0 1
1 1.98165e+006 0
13 0 0
0 0 1
1 1.56726e+006 0
14 0 0
0 0 1
1 1.28933e+006 0
15 0 0
0 0 1
1 1.06804e+006 0
16 0 0
0 0 1
1 819047 0
17 0 0
0 0 1
1 560697 0
18 0 0
0 0 1
1 374230 0
19 0 0
0 0 1
1 281828 0
20 0 0
0 0 1
1 177208 0
21 0 0
0 0 1
1 69390 0
22 0 0
0 0 1
1 35183 0
23 0 0
0 0 1
1 7529 0
24 0 0
0 0 1
1 -46523 0
25 0 0
0 0 1
1 -91029 0
26 0 0
0 0 1
1 -111728 0
27 0 0
0 0 1
1 -89042 0
28 0 0
0 0 1
1 -67851 0
29 0 0
0 0 1
1 -85905 0
30 0 0
0 0 1
1 -95865 0
-1 0 0
