91
1 0 0
0 0 1
1 2.07421e+007 0
2 0 0
0 0 1
1 1.74791e+007 0
3 0 0
0 0 1
1 1.41231e+007 0
4 0 0
0 0 1
1 1.11392e+007 0
5 0 0
0 0 1
1 8.69347e+006 0
6 0 0
0 0 1
1 6.83453e+006 0
7 0 0
0 0 1
1 5.38697e+006 0
8 0 0
0 0 1
1 4.24567e+006 0
9 0 0
0 0 1
1 3.43533e+006 0
10 0 0
0 0 1
1 2.83495e+006 0
11 0 0
0 0 1
1 2.35667e+006 0
12 0 0
0 0 1
1 1.99129e+006 0
13 0 0
0 0 1
1 1.67203e+006 0
14 0 0
0 0 1
1 1.39546e+006 0
15 0 0
0 0 1
1 1.17574e+006 0
16 0 0
0 0 1
1 960147 0
17 0 0
0 0 1
1 713406 0
18 0 0
0 0 1
1 452251 0
19 0 0
0 0 1
1 245233 0
20 0 0
0 0 1
1 117528 0
21 0 0
0 0 1
1 18917 0
22 0 0
0 0 1
1 -62962 0
23 0 0
0 0 1
1 -123702 0
24 0 0
0 0 1
1 -169974 0
25 0 0
0 0 1
1 -189497 0
26 0 0
0 0 1
1 -184745 0
27 0 0
0 0 1
1 -153636 0
28 0 0
0 0 1
1 -99906 0
29 0 0
0 0 1
1 -71817 0
30 0 0
0 0 1
1 -74668 0
-1 0 0
