91
1 0 0
0 0 1
1 1.8573e+007 0
2 0 0
0 0 1
1 1.53174e+007 0
3 0 0
0 0 1
1 1.20751e+007 0
4 0 0
0 0 1
1 9.4423e+006 0
5 0 0
0 0 1
1 7.46304e+006 0
6 0 0
0 0 1
1 6.09665e+006 0
7 0 0
0 0 1
1 5.27041e+006 0
8 0 0
0 0 1
1 4.69297e+006 0
9 0 0
0 0 1
1 4.15159e+006 0
10 0 0
0 0 1
1 3.60135e+006 0
11 0 0
0 0 1
1 2.96451e+006 0
12 0 0
0 0 1
1 2.29637e+006 0
13 0 0
0 0 1
1 1.79118e+006 0
14 0 0
0 0 1
1 1.44832e+006 0
15 0 0
0 0 1
1 1.143e+006 0
16 0 0
0 0 1
1 860895 0
17 0 0
0 0 1
1 622085 0
18 0 0
0 0 1
1 443538 0
19 0 0
0 0 1
1 354663 0
20 0 0
0 0 1
1 287994 0
21 0 0
0 0 1
1 153870 0
22 0 0
0 0 1
1 22055 0
23 0 0
0 0 1
1 2544 0
24 0 0
0 0 1
1 53913 0
25 0 0
0 0 1
1 87079 0
26 0 0
0 0 1
1 101413 0
27 0 0
0 0 1
1 98385 0
28 0 0
0 0 1
1 64732 0
29 0 0
0 0 1
1 67715 0
30 0 0
0 0 1
1 135410 0
-1 0 0
