91
1 0 0
0 0 1
1 9.6115e+006 0
2 0 0
0 0 1
1 8.27206e+006 0
3 0 0
0 0 1
1 6.84542e+006 0
4 0 0
0 0 1
1 5.56389e+006 0
5 0 0
0 0 1
1 4.50464e+006 0
6 0 0
0 0 1
1 3.65823e+006 0
7 0 0
0 0 1
1 2.98849e+006 0
8 0 0
0 0 1
1 2.44292e+006 0
9 0 0
0 0 1
1 2.01693e+006 0
10 0 0
0 0 1
1 1.69391e+006 0
11 0 0
0 0 1
1 1.42047e+006 0
12 0 0
0 0 1
1 1.19595e+006 0
13 0 0
0 0 1
1 1.00062e+006 0
14 0 0
0 0 1
1 810760 0
15 0 0
0 0 1
1 673326 0
16 0 0
0 0 1
1 597347 0
17 0 0
0 0 1
1 534638 0
18 0 0
0 0 1
1 447348 0
19 0 0
0 0 1
1 344803 0
20 0 0
0 0 1
1 274752 0
21 0 0
0 0 1
1 222894 0
22 0 0
0 0 1
1 154725 0
23 0 0
0 0 1
1 97905 0
24 0 0
0 0 1
1 64822 0
25 0 0
0 0 1
1 43360 0
26 0 0
0 0 1
1 27018 0
27 0 0
0 0 1
1 14514 0
28 0 0
0 0 1
1 12351 0
29 0 0
0 0 1
1 8545 0
30 0 0
0 0 1
1 17765 0
-1 0 0
