91
1 0 0
0 0 1
1 1.85646e+007 0
2 0 0
0 0 1
1 1.50342e+007 0
3 0 0
0 0 1
1 1.17221e+007 0
4 0 0
0 0 1
1 9.12862e+006 0
5 0 0
0 0 1
1 7.24777e+006 0
6 0 0
0 0 1
1 5.87668e+006 0
7 0 0
0 0 1
1 4.89256e+006 0
8 0 0
0 0 1
1 4.0953e+006 0
9 0 0
0 0 1
1 3.33354e+006 0
10 0 0
0 0 1
1 2.7184e+006 0
11 0 0
0 0 1
1 2.26625e+006 0
12 0 0
0 0 1
1 1.89048e+006 0
13 0 0
0 0 1
1 1.63191e+006 0
14 0 0
0 0 1
1 1.44722e+006 0
15 0 0
0 0 1
1 1.22589e+006 0
16 0 0
0 0 1
1 996976 0
17 0 0
0 0 1
1 827768 0
18 0 0
0 0 1
1 705031 0
19 0 0
0 0 1
1 547163 0
20 0 0
0 0 1
1 335558 0
21 0 0
0 0 1
1 174019 0
22 0 0
0 0 1
1 92979 0
23 0 0
0 0 1
1 30435 0
24 0 0
0 0 1
1 -5944 0
25 0 0
0 0 1
1 -21819 0
26 0 0
0 0 1
1 -74618 0
27 0 0
0 0 1
1 -129313 0
28 0 0
0 0 1
1 -121343 0
29 0 0
0 0 1
1 -72979 0
30 0 0
0 0 1
1 1409 0
-1 0 0
