91
1 0 0
0 0 1
1 2.06296e+007 0
2 0 0
0 0 1
1 1.77198e+007 0
3 0 0
0 0 1
1 1.46587e+007 0
4 0 0
0 0 1
1 1.17766e+007 0
5 0 0
0 0 1
1 9.34838e+006 0
6 0 0
0 0 1
1 7.43687e+006 0
7 0 0
0 0 1
1 6.01762e+006 0
8 0 0
0 0 1
1 5.02539e+006 0
9 0 0
0 0 1
1 4.30677e+006 0
10 0 0
0 0 1
1 3.73487e+006 0
11 0 0
0 0 1
1 3.23938e+006 0
12 0 0
0 0 1
1 2.78847e+006 0
13 0 0
0 0 1
1 2.35484e+006 0
14 0 0
0 0 1
1 1.93997e+006 0
15 0 0
0 0 1
1 1.60935e+006 0
16 0 0
0 0 1
1 1.34444e+006 0
17 0 0
0 0 1
1 1.09031e+006 0
18 0 0
0 0 1
1 895233 0
19 0 0
0 0 1
1 793380 0
20 0 0
0 0 1
1 755093 0
21 0 0
0 0 1
1 700719 0
22 0 0
0 0 1
1 581630 0
23 0 0
0 0 1
1 470490 0
24 0 0
0 0 1
1 390806 0
25 0 0
0 0 1
1 337119 0
26 0 0
0 0 1
1 360195 0
27 0 0
0 0 1
1 422338 0
28 0 0
0 0 1
1 500227 0
29 0 0
0 0 1
1 574543 0
30 0 0
0 0 1
1 560534 0
-1 0 0
