91
1 0 0
0 0 1
1 1.96453e+007 0
2 0 0
0 0 1
1 1.62173e+007 0
3 0 0
0 0 1
1 1.2538e+007 0
4 0 0
0 0 1
1 9.43379e+006 0
5 0 0
0 0 1
1 7.12978e+006 0
6 0 0
0 0 1
1 5.51317e+006 0
7 0 0
0 0 1
1 4.39501e+006 0
8 0 0
0 0 1
1 3.66803e+006 0
9 0 0
0 0 1
1 3.16292e+006 0
10 0 0
0 0 1
1 2.7141e+006 0
11 0 0
0 0 1
1 2.2912e+006 0
12 0 0
0 0 1
1 1.87243e+006 0
13 0 0
0 0 1
1 1.50216e+006 0
14 0 0
0 0 1
1 1.24626e+006 0
15 0 0
0 0 1
1 1.01922e+006 0
16 0 0
0 0 1
1 778952 0
17 0 0
0 0 1
1 563650 0
18 0 0
0 0 1
1 367784 0
19 0 0
0 0 1
1 240089 0
20 0 0
0 0 1
1 176453 0
21 0 0
0 0 1
1 89102 0
22 0 0
0 0 1
1 24926 0
23 0 0
0 0 1
1 31728 0
24 0 0
0 0 1
1 32682 0
25 0 0
0 0 1
1 22114 0
26 0 0
0 0 1
1 51412 0
27 0 0
0 0 1
1 78327 0
28 0 0
0 0 1
1 64121 0
29 0 0
0 0 1
1 65197 0
30 0 0
0 0 1
1 92677 0
-1 0 0
