91
1 0 0
0 0 1
1 1.37098e+007 0
2 0 0
0 0 1
1 1.13114e+007 0
3 0 0
0 0 1
1 9.03038e+006 0
4 0 0
0 0 1
1 7.06439e+006 0
5 0 0
0 0 1
1 5.4744e+006 0
6 0 0
0 0 1
1 4.28028e+006 0
7 0 0
0 0 1
1 3.39779e+006 0
8 0 0
0 0 1
1 2.74278e+006 0
9 0 0
0 0 1
1 2.20796e+006 0
10 0 0
0 0 1
1 1.72805e+006 0
11 0 0
0 0 1
1 1.32814e+006 0
12 0 0
0 0 1
1 1.02361e+006 0
13 0 0
0 0 1
1 814474 0
14 0 0
0 0 1
1 638680 0
15 0 0
0 0 1
1 453773 0
16 0 0
0 0 1
1 340252 0
17 0 0
0 0 1
1 278525 0
18 0 0
0 0 1
1 182324 0
19 0 0
0 0 1
1 89786 0
20 0 0
0 0 1
1 -1820 0
21 0 0
0 0 1
1 -130805 0
22 0 0
0 0 1
1 -225624 0
23 0 0
0 0 1
1 -254034 0
24 0 0
0 0 1
1 -296321 0
25 0 0
0 0 1
1 -363884 0
26 0 0
0 0 1
1 -369668 0
27 0 0
0 0 1
1 -321691 0
28 0 0
0 0 1
1 -277300 0
29 0 0
0 0 1
1 -208242 0
30 0 0
0 0 1
1 -139959 0
-1 0 0
