91
1 0 0
0 0 1
1 1.31536e+007 0
2 0 0
0 0 1
1 1.07346e+007 0
3 0 0
0 0 1
1 8.60616e+006 0
4 0 0
0 0 1
1 6.9611e+006 0
5 0 0
0 0 1
1 5.67783e+006 0
6 0 0
0 0 1
1 4.66895e+006 0
7 0 0
0 0 1
1 3.9265e+006 0
8 0 0
0 0 1
1 3.39126e+006 0
9 0 0
0 0 1
1 2.91305e+006 0
10 0 0
0 0 1
1 2.40758e+006 0
11 0 0
0 0 1
1 1.94527e+006 0
12 0 0
0 0 1
1 1.60212e+006 0
13 0 0
0 0 1
1 1.35104e+006 0
14 0 0
0 0 1
1 1.14275e+006 0
15 0 0
0 0 1
1 960694 0
16 0 0
0 0 1
1 790000 0
17 0 0
0 0 1
1 629931 0
18 0 0
0 0 1
1 491283 0
19 0 0
0 0 1
1 377305 0
20 0 0
0 0 1
1 281739 0
21 0 0
0 0 1
1 168563 0
22 0 0
0 0 1
1 58585 0
23 0 0
0 0 1
1 20209 0
24 0 0
0 0 1
1 9984 0
25 0 0
0 0 1
1 -927 0
26 0 0
0 0 1
1 32023 0
27 0 0
0 0 1
1 42957 0
28 0 0
0 0 1
1 -10459 0
29 0 0
0 0 1
1 -51130 0
30 0 0
0 0 1
1 -23598 0
-1 0 0
