91
1 0 0
0 0 1
1 1.97543e+007 0
2 0 0
0 0 1
1 1.69288e+007 0
3 0 0
0 0 1
1 1.38501e+007 0
4 0 0
0 0 1
1 1.10718e+007 0
5 0 0
0 0 1
1 8.74605e+006 0
6 0 0
0 0 1
1 6.91895e+006 0
7 0 0
0 0 1
1 5.48993e+006 0
8 0 0
0 0 1
1 4.375e+006 0
9 0 0
0 0 1
1 3.52916e+006 0
10 0 0
0 0 1
1 2.81033e+006 0
11 0 0
0 0 1
1 2.22176e+006 0
12 0 0
0 0 1
1 1.85243e+006 0
13 0 0
0 0 1
1 1.56534e+006 0
14 0 0
0 0 1
1 1.28957e+006 0
15 0 0
0 0 1
1 1.12568e+006 0
16 0 0
0 0 1
1 1.00947e+006 0
17 0 0
0 0 1
1 867278 0
18 0 0
0 0 1
1 755804 0
19 0 0
0 0 1
1 658680 0
20 0 0
0 0 1
1 562778 0
21 0 0
0 0 1
1 473914 0
22 0 0
0 0 1
1 345224 0
23 0 0
0 0 1
1 246630 0
24 0 0
0 0 1
1 249498 0
25 0 0
0 0 1
1 277163 0
26 0 0
0 0 1
1 303415 0
27 0 0
0 0 1
1 323115 0
28 0 0
0 0 1
1 315140 0
29 0 0
0 0 1
1 378492 0
30 0 0
0 0 1
1 525894 0
-1 0 0
