91
1 0 0
0 0 1
1 1.64595e+007 0
2 0 0
0 0 1
1 1.41015e+007 0
3 0 0
0 0 1
1 1.1446e+007 0
4 0 0
0 0 1
1 9.03621e+006 0
5 0 0
0 0 1
1 7.10163e+006 0
6 0 0
0 0 1
1 5.57099e+006 0
7 0 0
0 0 1
1 4.40792e+006 0
8 0 0
0 0 1
1 3.50053e+006 0
9 0 0
0 0 1
1 2.74542e+006 0
10 0 0
0 0 1
1 2.20533e+006 0
11 0 0
0 0 1
1 1.79446e+006 0
12 0 0
0 0 1
1 1.39369e+006 0
13 0 0
0 0 1
1 1.09623e+006 0
14 0 0
0 0 1
1 908034 0
15 0 0
0 0 1
1 713283 0
16 0 0
0 0 1
1 512103 0
17 0 0
0 0 1
1 341113 0
18 0 0
0 0 1
1 177105 0
19 0 0
0 0 1
1 27715 0
20 0 0
0 0 1
1 -78003 0
21 0 0
0 0 1
1 -187904 0
22 0 0
0 0 1
1 -329514 0
23 0 0
0 0 1
1 -430472 0
24 0 0
0 0 1
1 -458889 0
25 0 0
0 0 1
1 -452074 0
26 0 0
0 0 1
1 -463552 0
27 0 0
0 0 1
1 -520390 0
28 0 0
0 0 1
1 -539960 0
29 0 0
0 0 1
1 -497246 0
30 0 0
0 0 1
1 -511567 0
-1 0 0
