91
1 0 0
0 0 1
1 1.86688e+007 0
2 0 0
0 0 1
1 1.57721e+007 0
3 0 0
0 0 1
1 1.28917e+007 0
4 0 0
0 0 1
1 1.03794e+007 0
5 0 0
0 0 1
1 8.31444e+006 0
6 0 0
0 0 1
1 6.69459e+006 0
7 0 0
0 0 1
1 5.44639e+006 0
8 0 0
0 0 1
1 4.46423e+006 0
9 0 0
0 0 1
1 3.68978e+006 0
10 0 0
0 0 1
1 3.05624e+006 0
11 0 0
0 0 1
1 2.52369e+006 0
12 0 0
0 0 1
1 2.12298e+006 0
13 0 0
0 0 1
1 1.78733e+006 0
14 0 0
0 0 1
1 1.43938e+006 0
15 0 0
0 0 1
1 1.15538e+006 0
16 0 0
0 0 1
1 925074 0
17 0 0
0 0 1
1 681149 0
18 0 0
0 0 1
1 516972 0
19 0 0
0 0 1
1 422854 0
20 0 0
0 0 1
1 273330 0
21 0 0
0 0 1
1 153158 0
22 0 0
0 0 1
1 140698 0
23 0 0
0 0 1
1 86840 0
24 0 0
0 0 1
1 -48000 0
25 0 0
0 0 1
1 -120195 0
26 0 0
0 0 1
1 -132530 0
27 0 0
0 0 1
1 -159621 0
28 0 0
0 0 1
1 -146121 0
29 0 0
0 0 1
1 -104088 0
30 0 0
0 0 1
1 -100788 0
-1 0 0
